#{"t_start": 1525624615.964032, "env_id": "BeamRiderNoFrameskip-v4"}
r,l,t,i
996.0,1521,15.564644,1520
1952.0,2612,34.96612,4132
660.0,1780,47.859137,5912
616.0,1126,56.122475,7038
996.0,1916,70.050919,8954
1236.0,2065,84.923259,11019
2272.0,3201,108.015781,14220
948.0,1906,121.941391,16126
1380.0,1646,134.182999,17772
756.0,1219,143.170864,18991
660.0,1124,151.258724,20115
1236.0,1931,165.358013,22046
660.0,1138,173.668975,23184
660.0,1364,183.471314,24548
