#{"t_start": 1525624615.9988825, "env_id": "BeamRiderNoFrameskip-v4"}
r,l,t,i
616.0,1369,14.337893,1368
900.0,1302,24.184921,2670
948.0,1738,36.860147,4408
852.0,1653,48.874727,6061
1380.0,2597,67.844404,8658
852.0,1441,78.144996,10099
996.0,1362,88.04322,11461
2664.0,3175,111.002131,14636
1236.0,1966,125.472145,16602
1848.0,2163,141.420995,18765
1380.0,1873,155.134513,20638
756.0,1394,165.211734,22032
1380.0,2157,180.900119,24189
