#{"t_start": 1525624616.128008, "env_id": "BeamRiderNoFrameskip-v4"}
r,l,t,i
1380.0,1720,16.836545,1719
1140.0,1900,30.981769,3619
708.0,1698,43.314878,5317
660.0,1539,54.584565,6856
1848.0,2087,69.78389,8943
1380.0,2018,84.353517,10961
948.0,1468,94.883642,12429
708.0,1311,104.350049,13740
1332.0,1708,116.742886,15448
528.0,1023,124.230289,16471
948.0,1345,134.241112,17816
948.0,1621,146.151125,19437
1380.0,1935,160.214066,21372
1140.0,1741,172.868901,23113
900.0,1447,183.344247,24560
