#{"t_start": 1525624616.134491, "env_id": "BeamRiderNoFrameskip-v4"}
r,l,t,i
1236.0,1903,18.21499,1902
1236.0,1654,30.518304,3556
660.0,1273,39.854616,4829
220.0,1125,47.949253,5954
308.0,818,53.98239,6772
616.0,1572,65.292932,8344
1484.0,2440,82.991743,10784
996.0,1536,94.119699,12320
756.0,1390,104.112826,13710
1236.0,1893,117.858523,15603
1332.0,2026,132.860492,17629
852.0,1559,144.352925,19188
1536.0,1790,157.357745,20978
1236.0,1781,170.271749,22759
