#{"t_start": 1525629788.5412426, "env_id": "DoubleDunkNoFrameskip-v4"}
r,l,t,i
-20.0,2265,26.790315,2264
-22.0,2619,49.579517,4883
-20.0,2057,67.461491,6940
-22.0,1798,82.818826,8738
-16.0,2242,102.023459,10980
-20.0,2187,120.888602,13167
-20.0,1554,134.39418,14721
-22.0,1690,148.852416,16411
-20.0,2387,169.362632,18798
-18.0,1687,183.81046,20485
-22.0,1623,197.556014,22108
-20.0,2265,216.938558,24373
