#{"t_start": 1525629788.5056992, "env_id": "DoubleDunkNoFrameskip-v4"}
r,l,t,i
-20.0,1480,19.960312,1479
-22.0,2640,42.963745,4119
-22.0,1803,58.612197,5922
-12.0,2286,78.314658,8208
-20.0,1937,94.921361,10145
-18.0,2318,114.777658,12463
-22.0,1736,129.98263,14199
-18.0,2382,150.409683,16581
-20.0,1808,165.807193,18389
-22.0,1624,179.86933,20013
-20.0,2702,202.748942,22715
