#{"t_start": 1525629788.492474, "env_id": "DoubleDunkNoFrameskip-v4"}
r,l,t,i
-18.0,2011,24.601655,2010
-16.0,1916,41.296127,3926
-18.0,2636,64.214336,6562
-24.0,2474,85.390274,9036
-18.0,2276,104.910885,11312
-24.0,1679,119.380045,12991
-22.0,2655,142.33112,15646
-22.0,2518,163.916698,18164
-18.0,1541,177.22222,19705
-18.0,1809,192.621823,21514
-18.0,2031,209.842539,23545
