#{"t_start": 1525629788.561958, "env_id": "DoubleDunkNoFrameskip-v4"}
r,l,t,i
-20.0,3223,35.125251,3222
-18.0,1863,51.299682,5085
-16.0,2702,74.761484,7787
-18.0,2050,92.218769,9837
-16.0,1994,109.258075,11831
-14.0,1676,123.890017,13507
-20.0,1579,137.564602,15086
-22.0,1689,152.042006,16775
-20.0,2062,169.707896,18837
-18.0,1937,186.31589,20774
-22.0,2311,205.901986,23085
