#{"t_start": 1525624806.166347, "env_id": "BowlingNoFrameskip-v4"}
r,l,t,i
34.0,2143,18.114613,2142
32.0,2151,32.963773,4293
28.0,2130,47.623356,6423
31.0,2153,62.538119,8576
21.0,2167,77.242456,10743
32.0,2144,91.848073,12887
30.0,2157,106.568976,15044
25.0,2119,120.95687,17163
28.0,2114,135.499586,19277
33.0,2141,150.383776,21418
28.0,2139,165.103176,23557
