#{"t_start": 1525624806.2790334, "env_id": "BowlingNoFrameskip-v4"}
r,l,t,i
28.0,2113,17.777835,2112
30.0,2136,32.515853,4248
18.0,2131,47.206298,6379
34.0,2164,62.181411,8543
19.0,2135,76.63832,10678
25.0,2130,91.157461,12808
28.0,2136,105.7316,14944
27.0,2128,120.224013,17072
28.0,2131,134.865995,19203
31.0,2149,149.806635,21352
31.0,2131,164.477952,23483
