#{"t_start": 1525624806.1354582, "env_id": "BowlingNoFrameskip-v4"}
r,l,t,i
27.0,2171,18.337702,2170
28.0,2155,33.246944,4325
30.0,2143,47.982174,6468
31.0,2135,62.754141,8603
25.0,2149,77.339282,10752
32.0,2119,91.754143,12871
28.0,2144,106.356039,15015
30.0,2128,120.832038,17143
46.0,2199,136.020585,19342
34.0,2158,150.944954,21500
29.0,2176,165.913999,23676
