#{"t_start": 1525624806.1914647, "env_id": "BowlingNoFrameskip-v4"}
r,l,t,i
28.0,2125,17.950244,2124
21.0,2141,32.725581,4265
31.0,2153,47.554354,6418
28.0,2154,62.476557,8572
29.0,2152,77.071331,10724
21.0,2135,91.607155,12859
28.0,2174,106.45862,15033
25.0,2142,121.054354,17175
30.0,2113,135.564995,19288
43.0,2206,150.834792,21494
40.0,2132,165.535214,23626
