#{"t_start": 1525625587.138672, "env_id": "BowlingNoFrameskip-v4"}
r,l,t,i
36.0,2128,22.672845,2127
20.0,2124,39.376159,4251
27.0,2137,56.27103,6388
27.0,2111,72.966859,8499
36.0,2139,89.56887,10638
38.0,2178,106.599977,12816
28.0,2147,123.369711,14963
24.0,2135,140.020976,17098
24.0,2121,156.613034,19219
31.0,2142,173.661925,21361
34.0,2143,190.438869,23504
