#{"t_start": 1525625587.1815171, "env_id": "BowlingNoFrameskip-v4"}
r,l,t,i
36.0,2149,22.797295,2148
39.0,2123,39.498225,4271
26.0,2127,56.326242,6398
27.0,2173,73.529465,8571
30.0,2162,90.29013,10733
22.0,2119,106.849991,12852
25.0,2129,123.492978,14981
34.0,2169,140.42255,17150
37.0,2151,157.240502,19301
28.0,2122,174.0869,21423
37.0,2139,190.897142,23562
