#{"t_start": 1525625587.2500825, "env_id": "BowlingNoFrameskip-v4"}
r,l,t,i
27.0,2123,22.521236,2122
30.0,2159,39.513989,4281
34.0,2143,56.476851,6424
40.0,2144,73.435972,8568
28.0,2165,90.222014,10733
28.0,2116,106.743535,12849
35.0,2140,123.504878,14989
27.0,2155,140.302432,17144
27.0,2147,157.093722,19291
31.0,2137,174.063196,21428
33.0,2146,190.92567,23574
