#{"t_start": 1525625587.2795868, "env_id": "BowlingNoFrameskip-v4"}
r,l,t,i
34.0,2145,22.656761,2144
24.0,2114,39.296614,4258
33.0,2135,56.176983,6393
33.0,2162,73.296409,8555
31.0,2162,90.055254,10717
39.0,2149,106.872892,12866
25.0,2134,123.569922,15000
38.0,2123,140.084725,17123
31.0,2136,156.786716,19259
30.0,2150,173.86371,21409
28.0,2117,190.50421,23526
