#{"t_start": 1525625368.8253787, "env_id": "BeamRiderNoFrameskip-v4"}
r,l,t,i
1332.0,1817,25.079538,1816
1640.0,2250,43.520209,4066
996.0,1312,54.244507,5378
616.0,992,62.28752,6370
1236.0,1809,77.26721,8179
1380.0,1726,91.473589,9905
1380.0,2082,108.356736,11987
1284.0,2283,126.847834,14270
900.0,1376,137.996251,15646
3000.0,3637,167.970428,19283
1044.0,1530,180.472819,20813
1092.0,1741,194.80336,22554
1332.0,2181,212.673555,24735
