#{"t_start": 1525625368.7633505, "env_id": "BeamRiderNoFrameskip-v4"}
r,l,t,i
900.0,1374,21.564527,1373
1380.0,1853,36.679747,3226
1284.0,1867,51.904297,5093
2108.0,2413,71.84021,7506
852.0,1446,83.717042,8952
1588.0,1933,99.508946,10885
2972.0,3148,125.07805,14033
1284.0,1835,139.896466,15868
1092.0,1815,154.839001,17683
1900.0,2331,174.074599,20014
616.0,1154,183.44844,21168
900.0,1837,198.607511,23005
804.0,1330,209.420391,24335
