#{"t_start": 1525625368.7866929, "env_id": "BeamRiderNoFrameskip-v4"}
r,l,t,i
1332.0,1596,23.326568,1595
900.0,1216,33.253207,2811
852.0,1563,46.076801,4374
1236.0,2142,63.584914,6516
1380.0,1555,76.442595,8071
1236.0,1609,89.65895,9680
948.0,1313,100.322508,10993
1044.0,1558,112.966189,12551
1380.0,2034,129.359283,14585
1332.0,2587,150.434525,17172
948.0,1500,162.79697,18672
1380.0,2001,179.302418,20673
1284.0,1936,195.240121,22609
