#{"t_start": 1525625368.8957827, "env_id": "BeamRiderNoFrameskip-v4"}
r,l,t,i
1380.0,1885,25.555462,1884
900.0,1756,39.913284,3640
804.0,1219,49.902083,4859
1188.0,1908,65.546318,6767
1952.0,2844,89.048097,9611
660.0,1280,99.440902,10891
2328.0,2567,120.312892,13458
2108.0,2918,143.97575,16376
1284.0,2007,160.426827,18383
1332.0,2045,177.289893,20428
996.0,1287,187.836998,21715
1236.0,1987,204.237847,23702
